"N = 64"
6 1 8.92598e-07 1.00000000
6 2 9.60269e-07 .46354166
6 3 9.25799e-07 .32246376
6 4 9.28764e-07 .24184782
6 5 9.22376e-07 .19347826
6 6 9.19233e-07 .16300366
6 7 9.17889e-07 .13971742
6 8 9.32617e-07 .11962365
6 9 9.07366e-07 .10987654
6 10 8.85544e-07 .10113636
6 11 9.13725e-07 .08891108
6 12 9.03864e-07 .08240740


"N = 256"
8 1 6.6112e-06 1.00000000
8 2 5.48157e-06 .60310218
8 3 5.81883e-06 .37923121
8 4 5.96726e-06 .27726510
8 5 6.17803e-06 .21426256
8 6 7.59199e-06 .14514712
8 7 8.43385e-06 .11201491
8 8 9.47615e-06 .08724920
8 9 1.12939e-05 .06505265
8 10 1.15642e-05 .05717993
8 11 1.18907e-05 .05053903
8 12 1.26069e-05 .04371693


"N = 1024"
10 1 9.15807e-05 1.00000000
10 2 5.00951e-05 .91415452
10 3 3.7245e-05 .81972789
10 4 3.03795e-05 .75386894
10 5 2.49905e-05 .73293317
10 6 2.41728e-05 .63149910
10 7 2.35858e-05 .55482854
10 8 2.31982e-05 .49363949
10 9 2.34553e-05 .43392561
10 10 2.25691e-05 .40593971
10 11 2.26622e-05 .36740752
10 12 2.26758e-05 .33664167


