"N = 64"
6 1 2.56879e-06 1.00000000
6 2 2.79535e-06 .45878136
6 3 2.82308e-06 .30260047
6 4 2.95721e-06 .21694915
6 5 2.90903e-06 .17655172
6 6 2.93671e-06 .14562002
6 7 3.05161e-06 .11990632
6 8 3.16625e-06 .10126582
6 9 3.17689e-06 .08973010
6 10 3.23999e-06 .07925696
6 11 3.37087e-06 .06905853
6 12 3.5459e-06 .06026365


"N = 256"
8 1 4.44115e-05 1.00000000
8 2 2.47862e-05 .89608555
8 3 1.82004e-05 .81336996
8 4 1.48204e-05 .74915654
8 5 1.26126e-05 .70436161
8 6 1.1705e-05 .63262108
8 7 1.06763e-05 .59459097
8 8 1.01829e-05 .54530943
8 9 9.31977e-06 .53001551
8 10 9.40917e-06 .47244680
8 11 8.98774e-06 .44958493
8 12 8.55595e-06 .43284600


"N = 1024"
10 1 0.000742553 1.00000000
10 2 0.000394521 .94108171
10 3 0.000266306 .92944832
10 4 0.000203341 .91294057
10 5 0.000167092 .88879539
10 6 0.000138333 .89464432
10 7 0.000123495 .85897404
10 8 0.000113676 .81652349
10 9 0.000100671 .81955964
10 10 9.17707e-05 .80914569
10 11 8.50363e-05 .79389413
10 12 8.06725e-05 .76706850


