"N = 64"
6 1 0.00847632 1.00000000
6 2 0.0119517 .35460729
6 3 0.0206066 .13711335
6 4 0.0147425 .14373952
6 5 0.0176171 .09622832
6 6 0.0176946 .07983904
6 7 0.022157 .05465102
6 8 0.021236 .04989357
6 9 0.0206676 .04556955
6 10 0.020448 .04145305
6 11 0.0239198 .03221492
6 12 0.021127 .03343399


"N = 256"
8 1 0.120305 1.00000000
8 2 0.089192 .67441586
8 3 0.0868496 .46173691
8 4 0.0691417 .43499436
8 5 0.0884542 .27201647
8 6 0.121747 .16469262
8 7 0.105654 .16266708
8 8 0.117106 .12841464
8 9 0.133519 .10011475
8 10 0.135615 .08871068
8 11 0.113278 .09654847
8 12 0.181566 .05521637


"N = 1024"
10 1 1.91829 1.00000000
10 2 1.44127 .66548599
10 3 1.00999 .63310527
10 4 0.782536 .61284400
10 5 0.609007 .62997305
10 6 0.547299 .58416879
10 7 0.539281 .50816073
10 8 0.476654 .50306144
10 9 0.462766 .46058555
10 10 0.426606 .44966315
10 11 0.362729 .48077214
10 12 0.409944 .38994960


